0 10.5 11
1 10.5 11
2 11.5 11
3 11.5 11
4 12.5 11
5 12.5 11
6 13.5 11
7 13.5 11
8 10.5 12
9 10.5 12
10 11.5 12
11 11.5 12
12 12.5 12
13 12.5 12
14 13.5 12
15 13.5 12
16 10.5 13
17 10.5 13
18 11.5 13
19 11.5 13
20 12.5 13
21 12.5 13
22 13.5 13
23 13.5 13
24 10.5 14
25 10.5 14
26 11.5 14
27 11.5 14
28 12.5 14
29 12.5 14
30 13.5 14
31 13.5 14
32 10.5 15
33 10.5 15
34 11.5 15
35 11.5 15
36 12.5 15
37 12.5 15
38 13.5 15
39 13.5 15
40 10.5 16
41 10.5 16
42 11.5 16
43 11.5 16
44 12.5 16
45 12.5 16
46 13.5 16
47 13.5 16
48 10 11.5
49 10 11.5
50 11 11.5
51 11 11.5
52 12 11.5
53 12 11.5
54 13 11.5
55 13 11.5
56 14 11.5
57 14 11.5
58 10 12.5
59 10 12.5
60 11 12.5
61 11 12.5
62 12 12.5
63 12 12.5
64 13 12.5
65 13 12.5
66 14 12.5
67 14 12.5
68 10 13.5
69 10 13.5
70 11 13.5
71 11 13.5
72 12 13.5
73 12 13.5
74 13 13.5
75 13 13.5
76 14 13.5
77 14 13.5
78 10 14.5
79 10 14.5
80 11 14.5
81 11 14.5
82 12 14.5
83 12 14.5
84 13 14.5
85 13 14.5
86 14 14.5
87 14 14.5
88 10 15.5
89 10 15.5
90 11 15.5
91 11 15.5
92 12 15.5
93 12 15.5
94 13 15.5
95 13 15.5
96 14 15.5
97 14 15.5
